11
0 192 344 0 0 0 0 0 0 0 0
192 0 309 0 555 0 0 0 0 0 0
344 309 0 499 0 0 0 0 0 0 0
0 0 499 0 840 0 229 286 0 0 0
0 555 0 840 0 237 0 0 0 0 0
0 0 0 0 237 0 729 0 0 793 0
0 0 0 229 0 729 0 383 0 0 0
0 0 0 286 0 0 383 0 929 0 0
0 0 0 0 0 0 0 929 0 934 581
0 0 0 0 0 793 0 0 934 0 633
0 0 0 0 0 0 0 0 581 633 0
